1 2032076
2 9854804
3 2670133
4 9984142
5 2541184
6 3046066
7 2977637
8 9328943
9 1180104
10 2598445
11 1563461
12 1012721
13 2173065
14 1228939
15 2375195
16 2480232
17 2467183
18 1814093
19 2807036
20 2095189
21 2945052
22 9487067
23 9955514
24 2833031
25 9902347
26 2633149
27 3001046
28 1776209
29 2633103
30 9254111
31 9374134
32 2704058
33 1251132
34 2613542
35 8814811
36 2842639
37 2107458
38 2467129
39 2330703
40 2967045
41 2953607
42 3052094
43 3617087
44 3046603
45 8760398
46 9713872
47 3455398
48 3559384
49 2856517
50 9461183
51 9291232
52 3244621
53 2903172
54 9967476
55 2678578
56 2712876
57 2758085
58 2842757
59 1579138
60 2749041
61 2078113
62 1515341
63 1617038
64 2802508
65 9441712
66 1067848
67 7959033
68 2678241
69 2769488
70 2897116
71 2897055
72 3088387
73 2755149
74 7294661
75 2248278
76 8878609
77 9854507
78 9854668
79 2842602
80 1981345
81 9261014
82 1404415
83 2671044
84 9843708
85 3021387
86 2340293
87 1511584
88 2737083
89 3166581
90 1066551
91 3447104
92 1182175
93 3559578
94 2525293
95 2856544
96 1032361
97 2633158
98 1092494
99 9936089
100 1953203
101 2833095
102 9276473
103 2628429
104 9663261
105 8649714
106 8770868
107 9791614
108 9715591
109 2856465
110 2202037
111 3455185
112 1808056
113 2146641
114 1004622
115 9701377
116 2889044
117 1580049
118 1431386
119 3552327
120 2212043
121 2319319
122 3559471
123 1974315
124 9254255
125 2897073
126 1208753
127 1816073
128 9959853
129 2432276
130 1011491
131 9331591
132 9511432
133 9854786
134 9385809
135 3581961
136 9092206
137 9893348
138 2703101
139 9927328
140 3566857
141 9092563
142 9823769
143 1179927
144 9166797
145 9406243
146 1493444
147 9460736
148 8813313
149 9889193
150 9739989
151 3559505
152 1338089
153 9810374
154 2540079
155 1930151
156 1078792
157 2823899
158 8237302
159 9328809
160 1475036
161 9707935
162 9265038
163 1179963
164 3668336
165 8947205
166 8988018
167 2011874
168 9215333
169 9865018
170 9649243
171 1989198
172 1508787
173 1991044
174 3619085
175 3301556
176 1066233
177 2774101
178 2809529
179 3071408
180 3152127
181 2643215
182 1066515
183 1981099
184 1013666
185 9927373
186 8323593
187 2935092
188 1228993
189 3184908
190 9976899
191 1972826
192 9122683
193 3209295
194 3447113
195 9629301
196 1685052
197 2548405
198 9223501
199 1199284
200 1052221
201 8963936
202 1154546
203 2138219
204 9629647
205 8736601
206 3487029
207 1180061
208 8887644
209 9504431
210 2663112
211 9189415
212 9791723
213 9949037
214 8461915
215 2938114
216 2432142
217 1324987
218 1563392
219 3622159
220 3180602
221 2808872
222 9194999
223 1315467
224 3055161
225 2795128
226 1807118
227 3686213
228 8504353
229 2678108
230 2051131
231 9540428
232 2396097
233 9331644
234 3071602
235 1775051
236 2730972
237 2760575
238 9345559
239 1443131
240 8533848
241 8595763
242 1338007
243 1121355
244 3569062
245 3519923
246 1207275
247 8829707
248 1014064
249 9691527
250 2284728
251 1161734
252 2576068
253 9166742
254 9248833
255 1997154
256 9827204
257 7959042
258 8949365
259 2432045
260 9018537
261 3650081
262 8237259
263 3650391
264 8438032
265 2815178
266 3617069
267 9417179
268 3558579
269 2542914
270 2550207
271 3447468
272 2759181
273 1011067
274 1318437
275 2737171
276 7849894
277 1470129
278 8793326
279 2106238
280 3035168
281 8564564
282 1973042
283 1010544
284 2598588
285 9285686
286 2722027
287 3433032
288 2824158
289 8709203
290 9823696
291 9265387
292 2758119
293 1450556
294 2281794
295 3302121
296 8590562
297 8669657
298 9064077
299 3650503
300 2542262
301 9396833
302 1535718
303 9936195
304 8534204
305 3508275
306 2010435
307 2953816
308 3431061
309 1778119
310 2173135
311 1470147
312 2846098
313 8115906
314 3651035
315 3447362
316 8321737
317 8025816
318 1067948
319 3052119
320 9808306
321 2524106
322 9589313
323 1440189
324 1170735
325 9261746
326 2897091
327 3687063
328 1011831
329 3600554
330 9999169100050027
331 9927451
332 3655492
333 9562261
334 3432088
335 8882701
336 9825676
337 3569363
338 9589956
339 3720071
340 1802089
341 3301256
342 1404133
343 1331217
344 1142357
345 2075383
346 1012876
347 3555951
348 8597556
349 9952004
350 3847419
351 1309041
352 9522634
353 9953959
354 2035692
355 9980886
356 1535584
357 1094401
358 3864082
359 9654087
360 1208344
361 1450317
362 2731025
363 2727253
364 3648174
365 4715623
366 9238336
367 1208486
368 6719688
369 9963729
370 9562957
371 3130065
372 1184298
373 3905186
374 8498609
375 2141045
376 1778076
377 3650045
378 7836737
379 3569099
380 3184753
381 2724717
382 9333544
383 9515937
384 1208468
385 2823826
386 8473608
387 3581907
388 2677215
389 9956073
390 3713035
391 1493639
392 9622501
393 9517748
394 1315528
395 7294616
396 9896071
397 3967307
398 2842775
399 9343347
400 2565493
401 2011559
402 2138398
403 7689138
404 9790751
405 9215814
406 9390358
407 3052076
408 9257083
409 3838112
410 8947768
411 9977237
412 2722585
413 8589244
